0.401715
0.401270
0.402543
0.392208
0.409454
0.411554
0.399940
0.393195
0.396663
0.395175
0.394553
0.392348
0.396664
0.405295
0.394575
0.397972
0.403194
0.396108
0.396096
0.398062
0.387322
0.394037
0.403096
0.404990
0.415405
0.405344
0.391400
0.397292
0.400365
0.404650
0.400588
0.391818
0.396206
0.396112
0.386628
0.398731
0.394697
0.423030
0.404718
0.405313
0.405258
0.398585
0.389728
0.391554
0.402620
0.403328
0.405238
0.391633
0.395172
0.401886
0.402981
0.394433
0.394151
0.397928
0.402268
0.389393
0.393123
0.395472
0.393913
0.392881
0.395278
0.387133
0.392232
0.404972
0.402003
0.394735
0.396303
0.395196
0.390942
0.396049
0.391840
0.399936
0.393649
0.404063
0.394995
0.401737
0.394981
0.395236
0.414615
0.399030
0.399282
0.399245
0.403992
0.403790
0.391345
0.396938
0.408707
0.396572
0.402056
0.397157
0.412073
0.394615
0.392915
0.392185
0.410817
0.396924
0.400645
0.395979
0.399846
0.392318
0.402264
0.400313
0.385419
0.394568
0.393123
0.394576
0.409546
0.398203
0.392226
0.404513
0.386647
0.399346
0.406460
0.392979
0.397493
0.401100
0.397311
0.399098
0.400782
0.391671
0.394347
0.395126
0.396550
0.399938
0.391046
0.394408
0.398091
0.400486
0.387741
0.400579
0.402890
0.397003
0.398292
0.395202
0.391244
0.408237
0.396789
0.398308
0.395825
0.395935
0.396159
0.385899
0.394701
0.394481
0.397482
0.419472
0.393215
0.394199
0.393802
0.408413
0.397262
0.396966
0.396955
0.408181
0.394650
0.408435
0.394093
0.396635
0.393840
0.402570
0.400519
0.395614
0.403148
0.399674
0.406795
0.398750
0.391309
0.392206
0.398115
0.404415
0.396553
0.397179
0.383333
0.402379
0.396245
0.389702
0.402513
0.402363
0.398218
0.402940
0.396717
0.403899
0.398344
0.408111
0.419603
0.393827
0.399037
0.399113
0.399126
0.401286
0.400713
0.393531
0.395012
0.393384
0.388213
0.404661
0.401601
0.398723
0.394481
0.390574
0.395843
0.389349
0.412104
0.403621
0.396421
0.391011
0.400531
0.405268
0.385843
0.405961
0.401107
0.403257
0.405633
0.399697
0.393543
0.386050
0.395299
0.393650
0.389709
0.405160
0.397649
0.395535
0.394547
0.412504
0.395699
0.398947
0.400806
0.404773
0.422515
0.392795
0.416117
0.413150
0.404566
0.405954
0.415899
0.396145
0.393208
0.392746
0.393757
0.394746
0.395736
0.403431
0.395704
0.413410
0.394119
0.401162
0.395357
0.398033
0.391859
0.392089
0.404424
0.393653
0.393972
0.403107
0.401950
0.397273
0.406685
0.397828
0.390408
0.400741
0.401372
0.417887
0.406448
0.388659
0.388360
0.395972
0.399537
0.393866
0.409768
0.406186
0.393056
0.407783
0.392066
0.394241
0.392190
0.398868
0.413239
0.404739
0.405359
0.396368
0.398337
0.396642
0.393408
0.399931
0.392625
0.405481
0.414470
0.404652
0.392622
0.396989
0.395217
0.401249
0.406345
0.399326
0.402603
0.391583
0.394844
0.399051
0.397117
0.396596
0.394805
0.399696
0.396315
0.392814
0.390359
0.395905
0.392369
0.415326
0.401182
0.395839
0.399049
0.405451
0.390514
0.383950
0.400720
0.386571
0.397436
0.395305
0.395082
0.401058
0.389885
0.398720
0.400892
0.404920
0.401726
0.388989
0.403146
0.393047
0.393094
0.407172
0.399396
0.400722
0.396920
0.397333
0.396931
0.397850
0.414763
0.406278
0.391242
0.396837
0.409076
0.398744
0.398151
0.412837
0.396348
0.389487
0.395251
0.399154
0.413872
0.407901
0.391524
0.395608
0.391801
0.406375
0.402000
0.400353
0.393784
0.394469
0.391697
0.398407
0.398457
0.388076
0.396434
0.401774
0.395472
0.395750
0.399917
0.393829
0.388721
0.387402
0.402700
0.393341
0.403700
0.398702
0.407694
0.392269
0.391221
0.406539
0.405641
0.388854
0.400427
0.398494
0.393293
0.394532
0.402854
0.397889
0.400531
0.397905
0.399753
0.398460
0.390993
0.414474
0.400398
0.411359
0.393497
0.403891
0.393292
0.393873
0.398120
0.414878
0.409425
0.395272
0.402419
0.387865
0.394857
0.392918
0.395126
0.392017
0.405566
0.389239
0.395622
0.395012
0.399097
0.396642
0.399225
0.397319
0.387428
0.408508
0.391166
0.400813
0.395421
0.393017
0.409655
0.404092
0.400444
0.402281
0.405210
0.404442
0.391547
0.394650
0.392029
0.398982
0.391039
0.398252
0.396004
0.401390
0.402956
0.393426
0.395069
0.406817
0.394904
0.393372
0.398331
0.396746
0.395252
0.396186
0.389734
0.408572
0.392578
0.394758
0.401166
0.400518
0.394489
0.404662
0.397317
0.394833
0.408497
0.394168
0.392245
0.395866
0.388317
0.402510
0.404242
0.403963
0.393842
0.393902
0.401652
0.402489
0.400834
0.392623
0.405639
0.405593
0.395696
0.394593
0.396798
0.393026
0.388122
0.417370
0.389722
0.396343
0.392009
0.400553
0.404438
0.398041
0.406725
0.414472
0.396449
0.395085
0.408583
0.394154
0.392350
0.401926
0.393588
0.407385
0.394025
0.395266
0.395374
0.407039
0.391794
0.401133
0.415668
0.395790
0.412841
0.405982
0.404868
0.395727
0.396360
0.404784
0.395493
0.390157
0.397016
0.413231
0.404029
0.401607
0.400920
0.410172
0.396742
0.396415
0.405706
0.388735
0.402688
0.387074
0.393247
0.402338
0.408846
0.387882
0.408742
0.389707
0.400526
0.397580
0.400675
0.393635
0.403604
0.397127
0.397217
0.403090
0.392701
0.387756
0.394870
0.404720
0.390643
0.394923
0.398357
0.403593
0.394254
0.389586
0.416631
0.393377
0.390564
0.413536
0.392022
0.403183
0.392615
0.392391
0.395958
0.394918
0.396936
0.393618
0.396009
0.399197
0.402116
0.406572
0.397597
0.398658
0.393544
0.394265
0.393704
0.390482
0.389782
0.389703
0.398545
0.421233
0.400114
0.399489
0.399438
0.392624
0.393620
0.400938
0.404512
0.394831
0.399240
0.396687
0.406225
0.390690
0.403739
0.393548
0.402687
0.391181
0.400117
0.401363
0.389375
0.387824
0.400260
0.397745
0.412821
0.398826
0.399482
0.393996
0.423790
0.405514
0.398278
0.404344
0.404766
0.397811
0.400241
0.388188
0.400000
0.398361
0.394922
0.403228
0.397340
0.396161
0.402982
0.403284
0.404502
0.396439
0.392016
0.398668
0.398629
0.406822
0.411528
0.389838
0.394145
0.406413
0.393574
0.405870
0.399981
0.401267
0.395258
0.417098
0.409342
0.393605
0.397063
0.405788
0.405965
0.413336
0.395164
0.392844
0.392054
0.394659
0.395935
0.395859
0.396221
0.400889
0.400287
0.387611
0.391609
0.394785
0.395737
0.406506
0.398010
0.402122
0.390856
0.387013
0.404211
0.392851
0.394610
0.395832
0.392561
0.389144
0.396786
0.402553
0.391124
0.394977
0.400930
0.405371
0.392738
0.405744
0.397537
0.414278
0.401347
0.395656
0.405131
0.397575
0.392899
0.398485
0.401399
0.389871
0.398407
0.394645
0.401019
0.401525
0.405165
0.393904
0.399684
0.397900
0.389158
0.395533
0.406276
0.394971
0.396152
0.403356
0.394369
0.398401
0.393884
0.408826
0.399731
0.393785
0.422664
0.398500
0.407611
0.403906
0.401571
0.403755
0.392061
0.401359
0.397262
0.399609
0.392647
0.407226
0.413824
0.393228
0.404033
0.396346
0.390223
0.398560
0.400725
0.408070
0.393054
0.391949
0.398653
0.402401
0.396788
0.404703
0.404986
0.392515
0.401782
0.399247
0.407865
0.393105
0.394096
0.395237
0.403424
0.393723
0.404966
0.395920
0.399236
0.394849
0.397666
0.407596
0.409031
0.400651
0.403667
0.398410
0.405959
0.400179
0.392947
0.401390
0.396024
0.394857
0.399907
0.414834
0.392903
0.393739
0.396698
0.388200
0.392026
0.396420
0.404834
0.395038
0.387302
0.394209
0.399147
0.411364
0.403035
0.393656
0.392594
0.408458
0.388552
0.394500
0.396522
0.393068
0.401861
0.391524
0.404324
0.407347
0.398509
0.392582
0.393140
0.402771
0.397185
0.401321
0.395937
0.392280
0.389652
0.402005
0.387262
0.392394
0.393561
0.400953
0.395365
0.401455
0.407942
0.393079
0.407291
0.402154
0.399706
0.392691
0.401567
0.391091
0.404194
0.400559
0.398018
0.392821
0.420133
0.390562
0.396353
0.404826
0.393110
0.403735
0.398504
0.393364
0.395761
0.397994
0.395348
0.404905
0.411739
0.387818
0.396211
0.399532
0.395914
0.397934
0.397401
0.394180
0.393308
0.395199
0.399263
0.398886
0.416089
0.387396
0.390835
0.396525
0.401179
0.392053
0.396648
0.398801
0.389531
0.395918
0.395582
0.402154
0.399298
0.411996
0.393742
0.392817
0.398021
0.396549
0.397045
0.399795
0.395741
0.393393
0.403650
0.396414
0.417730
0.397346
0.393066
0.389807
0.394639
0.392791
0.395257
0.403331
0.399064
0.422319
0.393253
0.402950
0.403210
0.400692
0.388869
0.388694
0.402844
0.404742
0.397159
0.395636
0.394775
0.402575
0.397114
0.398803
0.399661
0.409269
0.395752
0.403210
0.400645
0.395502
0.387271
0.401744
0.396348
0.397803
0.403655
0.395009
0.398520
0.402854
0.396196
0.400697
0.409876
0.406811
0.393553
0.393757
0.408458
0.392884
0.394561
0.391280
0.402680
0.396236
0.392729
0.405707
0.391019
0.399296
0.396075
0.405695
0.415831
0.397627
0.396999
0.393051
0.388064
0.403672
0.405297
0.390749
0.398933
0.406321
0.401586
0.393073
0.409235
0.400944
0.416633
0.394267
0.399180
0.388430
0.385310
0.402495
0.396533
0.401502
0.396374
0.398200
0.400756
0.394056
0.400194
0.401176
0.404167
0.397891
0.394783
0.407539
0.393518
0.395232
0.393423
0.397104
0.394147
0.395542
0.394440
0.398517
0.391268
0.401573
0.402419
0.406191
0.402887
0.398879
0.406115
0.397646
0.397590
0.389472
0.399536
0.391388
0.399194
0.410570
0.388386
0.404712
0.406561
0.398990
0.392765
0.399776
0.392436
0.390803
0.400061
0.395230
0.394615
0.414864
0.399717
0.397616
0.397011
0.411180
0.397850
0.394427
0.407115
0.392743
0.388905
0.394420
0.400816
0.390640
0.393607
0.400412
0.393571
0.399151
0.395078
0.392736
0.392680
0.405443
0.408305
0.395849
0.398686
0.396640
0.391715
0.394800
0.399722
0.395020
0.404413
0.402828
0.400611
0.394524
0.398802
0.392653
0.411411
0.401185
0.413246
0.397124
0.394268
0.393867
0.411333
0.402807
0.401605
0.398767
0.397955
0.392003
0.410819
0.397561
0.401228
0.396970
0.390008
0.404218
0.392842
0.393025
0.391517
0.406944
0.391390
0.403239
0.395637
0.388496
0.402170
0.393535
0.388839
0.400164
0.397080
0.403696
0.407576
0.407693
0.398726
0.405684
0.403972
0.400017
0.394872
0.413693
0.395473
0.411408
0.400794
0.395646
0.401965
0.394543
0.392059
0.390805
0.405781
0.394582
0.400570
0.400051
0.404933
0.409223
0.396104
0.416536
0.385841
0.392038
0.406509
0.394821
0.386210
0.399682
0.398399
0.392538
0.390134
0.410714
0.395677
0.404772
0.396806
0.395504
0.388773
0.402800
0.406515
0.396205
0.404240
0.393168
0.392380
0.391725
0.397868
0.400485
0.396211
0.392095
0.393574
0.396140
0.392477
0.395765
0.414519
0.401806
0.393854
0.392106
0.393945
0.391986
0.394334
0.394656
0.395595
0.399241
0.395128
0.404705
0.406271
0.392282
0.404318
0.390025
0.392950
0.404288
0.399865
0.393556
0.402198
0.403013
0.402779
0.400173
0.399740
0.394157
0.397643
0.400370
0.403779
0.391128
0.392854
0.402171
0.403918
0.402378
0.394919
0.399050
0.397560
0.415064
0.403303
0.396882
0.397797
0.398823
0.395969
0.395745
0.393649
0.396117
0.399274
0.392418
0.395219
0.396546
0.394692
0.393682
0.397183
0.403861
0.401488
0.390601
0.411142
0.398821
0.397186
0.396592
0.395244
0.395680
0.395155
0.394921
0.400109
0.396342
0.404909
0.394755
0.397980
0.396709
0.408894
0.399877
0.413754
0.399255
0.394058
0.395966
0.399470
0.404060
0.398713
0.397376
0.396853
0.399901
0.398438
0.395311
0.405047
0.391087
0.399308
0.408656
0.408732
0.407320
0.393063
0.396230
0.389922
0.394065
0.389607
0.403448
0.390137
0.398968
0.406190
0.390472
0.398449
0.396017
0.392015
0.392730
0.396180
0.401323
0.394695
0.393254
0.394181
0.396368
0.391511
0.397917
0.392330
0.399320
0.396570
0.388593
0.393564
0.394788
0.388298
0.395152
0.392579
0.395032
0.393619
0.394790
0.393651
0.395213
0.393693
0.389523
0.388210
0.394490
0.392969
0.392632
0.392609
0.393460
0.389727
0.398814
0.393272
0.395559
0.399114
0.394476
0.396104
0.390998
0.389073
0.386736
0.389168
0.392436
0.393033
0.393255
0.397654
0.388338
0.396949
0.393867
0.390689
0.394471
0.398338
0.390203
0.392497
0.394405
0.390429
0.393444
0.390865
0.391456
0.396168
0.397131
0.397178
0.393912
0.386329
0.395861
0.389851
0.395917
0.394497
0.397791
0.394778
0.393556
0.395467
0.388894
0.394072
0.395973
0.391403
0.395727
0.393084
0.392312
0.395353
0.395422
0.391736
0.398860
0.398099
0.397403
0.388051
0.395329
0.398943
0.387826
0.388786
0.393752
0.393543
0.393649
0.395567
0.395510
0.393582
0.392663
0.392920
0.393551
0.397212
0.391614
0.388974
0.397151
0.393101
0.388873
0.392163
0.390095
0.387832
0.394169
0.390200
0.395801
0.395028
0.397749
0.390916
0.392960
0.388462
0.394116
0.396978
0.391853
0.388785
0.388150
0.395160
0.389316
0.391906
0.391745
0.393475
0.394700
0.394660
0.395886
0.395168
0.395189
0.392075
0.394768
0.395989
0.397140
0.398522
0.392555
0.392045
0.395367
0.388126
0.393909
0.398203
0.397751
0.390858
0.387180
0.392704
0.390462
0.390945
0.398446
0.391428
0.391025
0.397777
0.391015
0.395668
0.387482
0.386682
0.381403
0.389639
0.397155
0.389334
0.392375
0.392978
0.394365
0.390790
0.395006
0.398434
0.393020
0.398616
0.385067
0.393736
0.394197
0.393544
0.392154
0.396238
0.389178
0.395865
0.394374
0.390669
0.395128
0.395381
0.392970
0.392024
0.390318
0.390176
0.393805
0.394690
0.391458
0.395020
0.396938
0.394385
0.395797
0.393826
0.397291
0.394244
0.392596
0.394484
0.390216
0.396518
0.388127
0.395362
0.396594
0.392526
0.396205
0.395139
0.391395
0.392385
0.398871
0.396895
0.395765
0.395459
0.396944
0.394666
0.391445
0.395073
0.396684
0.393984
0.392529
0.393450
0.390675
0.396485
0.396087
0.391586
0.393379
0.390997
0.391438
0.394122
0.395628
0.393478
0.393813
0.394952
0.399848
0.392739
0.396946
0.394634
0.394516
0.392375
0.394371
0.398860
0.394093
0.392834
0.385572
0.393786
0.384823
0.390310
0.393844
0.397055
0.393063
0.389717
0.390033
0.394600
0.393130
0.393957
0.394817
0.391181
0.394172
0.396168
0.395699
0.395449
0.394157
0.398449
0.390840
0.395920
0.390713
0.390197
0.398670
0.396768
0.393873
0.396836
0.395952
0.394046
0.395133
0.395906
0.394702
0.393967
0.395700
0.388908
0.392650
0.394650
0.393412
0.393479
0.393890
0.393003
0.396582
0.401105
0.395617
0.390759
0.391111
0.394032
0.388721
0.392849
0.397714
0.388504
0.394859
0.392911
0.393390
0.397590
0.397128
0.391013
0.396170
0.393267
0.392431
0.393834
0.391181
0.392900
0.394680
0.392855
0.395901
0.393772
0.389923
0.393403
0.392791
0.392931
0.397845
0.393104
0.393887
0.394780
0.393596
0.392838
0.389160
0.398308
0.394525
0.395000
0.394090
0.395179
0.396714
0.393296
0.389960
0.395047
0.391978
0.394333
0.396639
0.395960
0.390634
0.395458
0.396990
0.397771
0.394680
0.397217
0.396635
0.394072
0.395656
0.395172
0.392166
0.396349
0.392051
0.392950
0.389056
0.397496
0.394266
0.398573
0.394240
0.393993
0.389632
0.392346
0.397402
0.393082
0.393688
0.394824
0.396134
0.395017
0.392363
0.393842
0.385735
0.395440
0.388919
0.394599
0.394871
0.388820
0.395947
0.395194
0.397313
0.398257
0.398951
0.392655
0.396229
0.396204
0.395299
0.395264
0.394043
0.395647
0.392576
0.396213
0.391880
0.397971
0.396801
0.389094
0.387140
0.393814
0.388429
0.389657
0.389883
0.388231
0.398417
0.390567
0.390057
0.392036
0.393421
0.389035
0.392600
0.396845
0.392610
0.394409
0.396757
0.393715
0.392777
0.394499
0.391077
0.387244
0.388789
0.391246
0.390298
0.395685
0.395498
0.391953
0.397341
0.392871
0.390797
0.391243
0.385223
0.399387
0.390122
0.397833
0.399318
0.390305
0.395213
0.392839
0.396622
0.396680
0.390748
0.395384
0.394221
0.391409
0.394626
0.396211
0.391194
0.391734
0.391542
0.393736
0.389214
0.392400
0.395274
0.390182
0.391083
0.389239
0.393674
0.389000
0.392542
0.396353
0.396079
0.395207
0.396103
0.394960
0.398358
0.392780
0.392758
0.387416
0.397529
0.385975
0.388912
0.393248
0.391910
0.397103
0.392872
0.395875
0.391911
0.398136
0.399441
0.397789
0.390785
0.398956
0.392329
0.393739
0.391349
0.388377
0.395961
0.392217
0.387334
0.393219
0.387431
0.388878
0.395034
0.392289
0.392060
0.383112
0.395549
0.393055
0.396068
0.398207
0.393923
0.388773
0.392029
0.394395
0.389235
0.390826
0.397090
0.394280
0.392379
0.395626
0.390585
0.391248
0.386993
0.394427
0.396773
0.389890
0.392550
0.393893
0.391695
0.396045
0.389949
0.389398
0.396905
0.390485
0.389594
0.396389
0.396833
0.390338
0.391972
0.389977
0.395480
0.390085
0.394534
0.392910
0.397336
0.385819
0.390677
0.394742
0.395459
0.391803
0.395096
0.392620
0.393173
0.391512
0.391448
0.386214
0.393575
0.393132
0.393288
0.395543
0.393018
0.395580
0.388918
0.392480
0.389851
0.396933
0.393498
0.395570
0.395462
0.391696
0.392791
0.393656
0.395127
0.389939
0.394798
0.396174
0.393455
0.393811
0.394031
0.395461
0.393553
0.389615
0.393163
0.391492
0.388070
0.388591
0.394653
0.393219
0.394970
0.392352
0.394269
0.386024
0.393044
0.391744
0.391794
0.392264
0.389706
0.395388
0.394731
0.394427
0.398255
0.393798
0.396903
0.391682
0.394914
0.393846
0.393038
0.397243
0.396151
0.395805
0.393760
0.395684
0.398030
0.392650
0.391515
0.390550
0.395669
0.393714
0.393797
0.394856
0.390596
0.392812
0.391243
0.392553
0.390539
0.392072
0.392487
0.398520
0.391080
0.396974
0.393010
0.393626
0.396030
0.389170
0.395062
0.397393
0.389696
0.389888
0.389880
0.406532
0.391406
0.393604
0.397487
0.395075
0.396125
0.398407
0.395790
0.393609
0.395052
0.394513
0.396631
0.396218
0.393900
0.389283
0.397310
0.389360
0.389628
0.391443
0.390138
0.391944
0.397098
0.389721
0.395452
0.391026
0.385664
0.393174
0.395299
0.393721
0.396591
0.394519
0.394299
0.387823
0.393393
0.397334
0.390913
0.395189
0.388813
0.384649
0.388444
0.391363
0.394117
0.390395
0.400527
0.394378
0.396624
0.399367
0.390649
0.391726
0.396157
0.386432
0.390906
0.396215
0.399250
0.395505
0.404112
0.389965
0.389999
0.392419
0.387183
0.402343
0.397216
0.397469
0.387541
0.393460
0.388390
0.389732
0.397404
0.393571
0.389778
0.395452
0.395259
0.397595
0.391349
0.393504
0.394027
0.396665
0.397496
0.391580
0.392431
0.394057
0.388155
0.382529
0.389887
0.390655
0.391870
0.393532
0.395315
0.395396
0.389832
0.391923
0.391513
0.389515
0.392713
0.393982
0.392438
0.388551
0.391989
0.390298
0.394665
0.391879
0.392166
0.392941
0.390463
0.390511
0.395512
0.386167
0.396764
0.391040
0.394799
0.390497
0.396045
0.394899
0.389833
0.395959
0.395040
0.393254
0.393597
0.388603
0.388720
0.398646
0.392503
0.387215
0.397215
0.390213
0.393175
0.388773
0.388398
0.395840
0.388989
0.392889
0.394630
0.393361
0.389613
0.393180
0.394084
0.395900
0.392790
0.394312
0.394367
0.400781
0.391759
0.393119
0.389629
0.393054
0.392362
0.387168
0.395076
0.392058
0.393619
0.389219
0.395771
0.389762
0.397071
0.402090
0.393499
0.395075
0.395488
0.395571
0.396687
0.403589
0.394627
0.394137
0.405399
0.405334
0.403111
0.403469
0.404748
0.393619
0.392344
0.407062
0.423168
0.398451
0.393264
0.400089
0.398410
0.402748
0.398660
0.395603
0.391899
0.392532
0.397751
0.406779
0.402349
0.396609
0.412283
0.396720
0.400791
0.394578
0.403562
0.396446
0.396109
0.398908
0.388223
0.397413
0.399294
0.392276
0.405153
0.400189
0.402384
0.398157
0.399158
0.405319
0.410789
0.394563
0.399824
0.396027
0.393222
0.394500
0.396683
0.415543
0.410424
0.393560
0.393639
0.403365
0.388962
0.387415
0.397007
0.392131
0.392912
0.392758
0.387547
0.401511
0.398166
0.397461
0.391528
0.404919
0.416107
0.393141
0.398554
0.402719
0.397559
0.395632
0.401513
0.406787
0.393519
0.396741
0.396559
0.396381
0.403253
0.391174
0.401967
0.396757
0.386490
0.395654
0.392489
0.394024
0.396833
0.399928
0.404057
0.388973
0.409625
0.399806
0.400246
0.392447
0.406559
0.394475
0.397559
0.391809
0.405025
0.389820
0.407052
0.394625
0.398776
0.398821
0.400024
0.393092
0.404877
0.393128
0.397566
0.394568
0.392680
0.416981
0.407926
0.402604
0.395911
0.410082
0.394486
0.395304
0.392105
0.409842
0.392963
0.399603
0.414967
0.389662
0.398973
0.393649
0.391789
0.403103
0.402193
0.401088
0.393880
0.382180
0.404161
0.401880
0.406231
0.392670
0.394121
0.397099
0.404427
0.401001
0.391498
0.394623
0.394208
0.393466
0.396094
0.391792
0.414773
0.396827
0.391212
0.394571
0.408171
0.399105
0.413100
0.405758
0.393565
0.398736
0.398306
0.395601
0.413011
0.396976
0.384943
0.402993
0.392647
0.399960
0.399411
0.411302
0.405265
0.402516
0.395838
0.405698
0.393136
0.402418
0.402729
0.397826
0.406547
0.392884
0.397617
0.391820
0.397635
0.401729
0.394290
0.396057
0.410218
0.395995
0.402591
0.404180
0.390764
0.386051
0.394682
0.407809
0.403843
0.403674
0.406405
0.393844
0.392366
0.411167
0.391349
0.395357
0.397605
0.399676
0.392739
0.402374
0.402867
0.392753
0.397186
0.397732
0.399369
0.403831
0.402274
0.392856
0.403969
0.408829
0.399537
0.395935
0.398525
0.403646
0.402217
0.396845
0.406520
0.408273
0.395250
0.391961
0.410951
0.391603
0.391662
0.400026
0.393560
0.394450
0.401733
0.402245
0.398385
0.398882
0.407719
0.405730
0.390174
0.396766
0.401482
0.387932
0.400998
0.393319
0.384283
0.399688
0.404842
0.425038
0.406489
0.390952
0.402730
0.399223
0.393774
0.391983
0.397037
0.396609
0.396161
0.395944
0.403508
0.388130
0.398727
0.406578
0.396686
0.400567
0.391211
0.399275
0.410363
0.394986
0.396293
0.387706
0.405816
0.394457
0.389345
0.399252
0.395706
0.403433
0.394423
0.395261
0.396908
0.398242
0.404757
0.391551
0.396290
0.407617
0.406738
0.405793
0.395898
0.397112
0.391823
0.391703
0.410906
0.391335
0.403823
0.391632
0.415922
0.389706
0.393536
0.398385
0.397690
0.399761
0.393374
0.401713
0.404233
0.395588
0.384795
0.398201
0.387150
0.399828
0.396641
0.392284
0.403196
0.395779
0.389656
0.404950
0.404844
0.400672
0.398632
0.414425
0.399026
0.399589
0.398695
0.394311
0.390003
0.391279
0.403651
0.400993
0.395635
0.403901
0.387827
0.394375
0.397808
0.405636
0.414046
0.403139
0.395906
0.391366
0.409429
0.403666
0.397890
0.387956
0.394014
0.393692
0.408669
0.390304
0.393847
0.400816
0.392717
0.392972
0.404661
0.391254
0.400693
0.395251
0.400152
0.397765
0.399593
0.393392
0.389995
0.384635
0.400863
0.397152
0.399150
0.404599
0.396104
0.394741
0.413616
0.413762
0.400662
0.395096
0.400837
0.410670
0.407358
0.395720
0.410558
0.400589
0.415944
0.394986
0.398822
0.398577
0.410886
0.393244
0.393473
0.388748
0.395624
0.387935
0.392234
0.398993
0.399108
0.400401
0.391792
0.391705
0.389224
0.406036
0.395219
0.395208
0.393263
0.407084
0.403257
0.398738
0.404581
0.395422
0.395696
0.393961
0.394036
0.397397
0.395821
0.398800
0.393262
0.393722
0.394556
0.387675
0.394318
0.394483
0.407136
0.404176
0.401010
0.400831
0.395052
0.404408
0.399658
0.399659
0.392273
0.396289
0.398582
0.416509
0.402946
0.397868
0.394689
0.416450
0.402912
0.398048
0.405900
0.399241
0.396375
0.395515
0.396938
0.394871
0.423813
0.412299
0.406019
0.395144
0.402775
0.416398
0.405237
0.397399
0.400498
0.405381
0.399194
0.393476
0.395779
0.404534
0.397049
0.392393
0.396801
0.407098
0.388070
0.392160
0.389789
0.391849
0.405229
0.405046
0.390463
0.394370
0.404294
0.396127
0.409242
0.410515
0.396762
0.403182
0.393942
0.386147
0.395622
0.402385
0.394187
0.394819
0.391214
0.399241
0.394840
0.400366
0.395537
0.397118
0.407529
0.407452
0.397305
0.401433
0.403706
0.402553
0.416943
0.407537
0.399919
0.393708
0.402260
0.398103
0.392331
0.393202
0.421219
0.390941
0.407789
0.407451
0.392155
0.392983
0.387488
0.395469
0.390978
0.419653
0.402150
0.395379
0.394767
0.399723
0.402828
0.403466
0.403346
0.391439
0.389943
0.409801
0.397661
0.411626
0.408448
0.390490
0.397869
0.391822
0.396470
0.411505
0.400430
0.412244
0.398402
0.399543
0.396508
0.395621
0.396110
0.407601
0.386306
0.398678
0.392376
0.404377
0.393963
0.403974
0.396065
0.397509
0.391078
0.391465
0.397276
0.405975
0.403050
0.395485
0.383931
0.408760
0.403619
0.395464
0.410842
0.406250
0.403703
0.396078
0.391932
0.394612
0.383425
0.393482
0.390806
0.389595
0.394894
0.418530
0.396880
0.404504
0.395118
0.403341
0.408408
0.399607
0.390908
0.395310
0.394307
0.398151
0.398974
0.391510
0.394985
0.396023
0.395719
0.399935
0.395185
0.399782
0.393890
0.392260
0.395701
0.403872
0.400445
0.400074
0.390733
0.387416
0.389354
0.394208
0.393516
0.396848
0.395854
0.402197
0.403455
0.417930
0.397749
0.393615
0.405994
0.394830
0.393841
0.390867
0.394998
0.399794
0.413825
0.393398
0.394075
0.390118
0.389569
0.407724
0.395447
0.396974
0.392947
0.391906
0.392860
0.397287
0.393634
0.403916
0.392420
0.396472
0.393975
0.396740
0.394165
0.396709
0.402429
0.398521
0.393903
0.396552
0.404643
0.392941
0.394442
0.397899
0.400590
0.402428
0.415347
0.385959
0.386389
0.395582
0.396392
0.401866
0.393789
0.395671
0.389047
0.398868
0.397091
0.404623
0.394363
0.393430
0.389106
0.415261
0.393850
0.403785
0.394431
0.419782
0.389476
0.397019
0.407976
0.404076
0.395189
0.410356
0.400425
0.393570
0.396960
0.391591
0.405682
0.400257
0.398969
0.400500
0.403793
0.404685
0.403676
0.392339
0.403128
0.396988
0.398909
0.396449
0.390422
0.400938
0.393587
0.397201
0.396933
0.391057
0.409588
0.394197
0.388784
0.390815
0.395207
0.396646
0.400619
0.390182
0.398129
0.395389
0.392957
0.398116
0.416732
0.398549
0.391809
0.397145
0.399734
0.393956
0.403425
0.401232
0.398393
0.391922
0.405219
0.389985
0.399260
0.391050
0.395709
0.394965
0.400207
0.400596
0.394969
0.405539
0.404742
0.393552
0.393339
0.415752
0.392599
0.393553
0.397947
0.417521
0.401055
0.412159
0.405736
0.406280
0.405057
0.400700
0.400170
0.388268
0.405339
0.399356
0.403205
0.404761
0.395362
0.390396
0.399769
0.399571
0.393604
0.392417
0.391588
0.393649
0.402423
0.391195
0.395688
0.407658
0.398438
0.398924
0.390697
0.387500
0.391062
0.406796
0.396681
0.400705
0.391656
0.392050
0.393201
0.406631
0.404787
0.401445
0.395476
0.398260
0.395599
0.396827
0.397246
0.395628
0.391438
0.396338
0.400664
0.393236
0.394095
0.397701
0.402322
0.401673
0.390907
0.400818
0.411554
0.395434
0.402529
0.399670
0.411169
0.398725
0.393388
0.394628
0.386412
0.391673
0.394525
0.402673
0.393784
0.401746
0.394391
0.397701
0.397130
0.416443
0.399623
0.394068
0.395172
0.412451
0.385828
0.394665
0.394149
0.389433
0.399126
0.397596
0.413903
0.392828
0.402339
0.386815
0.403094
0.399037
0.401517
0.392672
0.397043
0.392088
0.385941
0.396327
0.393331
0.397456
0.399930
0.391310
0.384593
0.396149
0.397136
0.396051
0.399982
0.391004
0.393593
0.404466
0.395921
0.393858
0.406559
0.384446
0.392620
0.402428
0.393126
0.397401
0.405764
0.404381
0.392562
0.406598
0.402587
0.393633
0.395584
0.386643
0.403897
0.408047
0.395665
0.392221
0.401743
0.393866
0.402942
0.417331
0.397004
0.404143
0.389842
0.394036
0.403961
0.409136
0.414637
0.395720
0.390073
0.404364
0.395994
0.397963
0.397224
0.408063
0.396117
0.395572
0.405625
0.392948
0.397303
0.398720
0.391547
0.404282
0.393628
0.400278
0.396613
0.393255
0.391612
0.404062
0.395019
0.403885
0.399794
0.397344
0.394891
0.407577
0.403771
0.404361
0.391828
0.393261
0.402432
0.395819
0.409762
0.396059
0.396409
0.408742
0.397871
0.405033
0.403172
0.401270
0.402213
0.391144
0.410957
0.392423
0.397914
0.399751
0.394410
0.393894
0.393375
0.390524
0.392747
0.399824
0.387509
0.394634
0.394860
0.404570
0.389441
0.394466
0.400661
0.396489
0.401550
0.393919
0.404308
0.393924
0.397473
0.392178
0.393854
0.402174
0.410410
0.395865
0.405732
0.406015
0.391938
0.391665
0.400303
0.394099
0.390377
0.398659
0.395452
0.393144
0.395380
0.396226
0.399657
0.395172
0.399043
0.397533
0.396241
0.395193
0.388897
0.400520
0.393603
0.394919
0.408842
0.395928
0.409121
0.394584
0.402131
0.397794
0.395021
0.399481
0.401485
0.412066
0.399571
0.391454
0.417363
0.397126
0.396771
0.397371
0.397673
0.399261
0.409721
0.403608
0.405148
0.399891
0.398973
0.395826
0.396450
0.412818
0.393928
0.391862
0.407944
0.399285
0.405964
0.396061
0.394922
0.395078
0.391885
0.385738
0.399117
0.402294
0.393199
0.392620
0.401851
0.401825
0.397964
0.387230
0.400831
0.391032
0.393895
0.402619
0.397397
0.398241
0.396884
0.405065
0.407372
0.395758
0.392596
0.395920
0.397212
0.394628
0.399092
0.398724
0.394093
0.395295
0.386724
0.411272
0.392160
0.397016
0.402503
0.400233
0.395024
0.399035
0.407181
0.396378
0.408919
0.399490
0.393048
0.389966
0.405883
0.391280
0.391997
0.394245
0.395645
0.397604
0.398769
0.392992
0.395713
0.396277
0.393972
0.399413
0.400606
0.396745
0.397077
0.394294
0.393334
0.399755
0.389215
0.401852
0.396728
0.394022
0.401495
0.390067
0.393718
0.392217
0.401416
0.396002
0.394143
0.400573
0.395238
0.390811
0.398199
0.390030
0.396315
0.399142
0.387164
0.404754
0.398909
0.397053
0.394961
0.395564
0.397727
0.422184
0.412964
0.391482
0.402243
0.394417
0.403092
0.387285
0.388725
0.397331
0.396747
0.393566
0.394517
0.403530
0.391706
0.393017
0.410497
0.397222
0.396609
0.402577
0.399729
0.395751
0.401598
0.405165
0.392944
0.396590
0.395029
0.398856
0.400630
0.394830
0.389137
0.391594
0.388144
0.395506
0.398625
0.399439
0.390138
0.394226
0.398218
0.403818
0.393392
0.394962
0.403248
0.393234
0.395644
0.392110
0.400419
0.406874
0.393218
0.394716
0.413535
0.393278
0.393040
0.395410
0.402474
0.398947
0.392967
0.407163
0.405894
0.399367
0.403678
0.399845
0.396702
0.392432
0.392736
0.397824
0.405658
0.395906
0.404070
0.395794
0.399448
0.401531
0.394011
0.389527
0.395068
0.395969
0.395960
0.393112
0.410918
0.386317
0.406544
0.388133
0.394716
0.398249
0.394868
0.394192
0.409028
0.393082
0.393135
0.413225
0.396003
0.404209
0.414595
0.396683
0.406497
0.401384
0.396643
0.399953
0.393984
0.396083
0.403740
0.392909
0.390117
0.392967
0.395865
0.397731
0.402767
0.397676
0.393122
0.391907
0.394816
0.393505
0.393227
0.398947
0.403495
0.412831
0.402748
0.391578
0.397346
0.394550
0.399281
0.404673
0.390850
0.392430
0.399087
0.398454
0.411857
0.399573
0.390957
0.398828
0.400826
0.401100
0.391494
0.405838
0.387460
0.395001
0.393707
0.397997
0.394507
0.417456
0.389669
0.394686
0.404058
0.392917
0.406156
0.398548
0.397816
0.395750
0.385950
0.395438
0.390640
0.391569
0.408804
0.404643
0.398877
0.400257
0.398154
0.419346
0.391510
0.391712
0.406474
0.399504
0.397686
0.398329
0.406382
0.396479
0.404720
0.401510
0.407886
0.393156
0.390894
0.392599
0.405792
0.404203
0.393179
0.391420
0.404862
0.392854
0.400357
0.390340
0.407365
0.396277
0.395080
0.404827
0.397945
0.400206
0.392611
0.397599
0.397306
0.401838
0.398138
0.390823
0.390074
0.397458
0.400613
0.401275
0.398236
0.394536
0.408420
0.402834
0.391148
0.397382
0.389891
0.408978
0.403208
0.389027
0.402600
0.403840
0.397742
0.399009
0.398363
0.395197
0.395130
0.397292
0.398138
0.392151
0.416901
0.397053
0.393016
0.392523
0.397022
0.391105
0.395226
0.403513
0.409701
0.399118
0.394318
0.388504
0.389485
0.402140
0.394313
0.391664
0.393560
0.400257
0.397219
0.412844
0.394051
0.401025
0.405239
0.391758
0.399421
0.395585
0.418184
0.405997
0.401014
0.382820
0.393028
0.398538
0.402030
0.386022
0.409946
0.408797
0.412109
0.405399
0.409466
0.392022
0.394926
0.392337
0.405865
0.395234
0.409350
0.405220
0.399645
0.394072
0.396406
0.398653
0.392233
0.387769
0.388080
0.400054
0.398881
0.398280
0.403267
0.392843
0.404549
0.402649
0.396748
0.393227
0.411842
0.403371
0.394539
0.397253
0.387727
0.391653
0.385915
0.404030
0.396091
0.392609
0.390228
0.396702
0.407230
0.399978
0.410241
0.396519
0.393638
0.403709
0.399559
0.394213
0.398081
0.399399
0.394776
0.400531
0.396711
0.393513
0.389780
0.409114
0.403183
0.397110
0.405777
0.397564
0.391462
0.401466
0.396678
0.398495
0.413742
0.396575
0.407211
0.388968
0.403159
0.409468
0.406377
0.400040
0.398926
0.393116
0.396102
0.400200
0.394836
0.398132
0.396892
0.401175
0.387868
0.400280
0.394986
0.396431
0.395115
0.387290
0.404308
0.395414
0.395730
0.403966
0.404884
0.388389
0.396340
0.412984
0.400806
0.407229
0.395720
0.400370
0.396704
0.408306
0.393555
0.403776
0.396027
0.398749
0.394172
0.400225
0.397876
0.399903
0.410208
0.398469
0.394019
0.413574
0.399908
0.404316
0.396201
0.412835
0.393846
0.395491
0.399541
0.396790
0.410126
0.394730
0.404582
0.398096
0.399285
0.390010
0.392738
0.393891
0.397904
0.398236
0.392812
0.393983
0.402247
0.404312
0.389644
0.393226
0.396524
0.397030
0.390197
0.398466
0.393242
0.403892
0.403187
0.404564
0.387121
0.396109
0.386501
0.399988
0.392291
0.403136
0.405795
0.395703
0.393149
0.399253
0.402736
0.404360
0.400298
0.402880
0.415293
0.395228
0.394771
0.394401
0.393876
0.405071
0.395487
0.392591
0.391416
0.404140
0.405387
0.405647
0.400633
0.396447
0.393806
0.398525
0.393050
0.393713
0.398262
0.393075
0.407315
0.398476
0.389827
0.398663
0.396943
0.396835
0.400357
0.392108
0.395766
0.400076
0.401532
0.404806
0.406955
0.403151
0.397127
0.397919
0.397575
0.394005
0.412608
0.407627
0.397267
0.397150
0.397214
0.402524
0.392930
0.396502
0.398694
0.395291
0.395992
0.394614
0.393764
0.393227
0.400536
0.396294
0.409949
0.394087
0.403509
0.395139
0.403931
0.393553
0.401998
0.401269
0.401522
0.400599
0.400298
0.386819
0.405801
0.388093
0.393104
0.398791
0.406588
0.398759
0.414494
0.395390
0.413739
0.401809
0.397470
0.395603
0.404045
0.395798
0.401647
0.404855
0.398836
0.391077
0.401755
0.389341
0.397763
0.395170
0.408551
0.403975
0.394530
0.402645
0.393267
0.398196
0.406971
0.396306
0.413688
0.397668
0.398817
0.397176
0.407025
0.414886
0.399780
0.387348
0.411162
0.400540
0.396103
0.391533
0.406488
0.390029
0.403662
0.406757
0.396209
0.395191
0.397850
0.384960
0.408991
0.406763
0.398568
0.403180
0.386733
0.396405
0.396295
0.402062
0.391764
0.409557
0.396949
0.390343
0.412210
0.403327
0.395662
0.402064
0.403108
0.407171
0.391923
0.397254
0.396001
0.422655
0.403782
0.404500
0.388144
0.395832
0.393067
0.395536
0.398837
0.411314
0.398244
0.393540
0.396600
0.398357
0.392614
0.403949
0.392943
0.398531
0.393692
0.399643
0.415486
0.408174
0.403571
0.395013
0.408923
0.394007
0.394438
0.396627
0.409038
0.397110
0.395636
0.409276
0.388825
0.391711
0.394825
0.394192
0.398274
0.387631
0.391380
0.397118
0.399731
0.389524
0.406750
0.392495
0.397270
0.394210
0.396200
0.407930
0.394113
0.397999
0.396729
0.396679
0.395530
0.395462
0.398446
0.397097
0.412833
0.409324
0.399100
0.396966
0.404046
0.401153
0.413485
0.397371
0.401294
0.399496
0.400706
0.403736
0.393622
0.393910
0.400872
0.400191
0.395295
0.393389
0.403730
0.392733
0.401143
0.397785
0.394696
0.392734
0.389471
0.408457
0.399734
0.403910
0.398041
0.392492
0.388436
0.392516
0.394733
0.395690
0.394162
0.389796
0.390746
0.417679
0.399588
0.386245
0.385211
0.406975
0.402830
0.396058
0.398507
0.391290
0.402673
0.405614
0.395042
0.394249
0.397741
0.401044
0.403926
0.404088
0.393194
0.405102
0.404927
0.402142
0.392607
0.391639
0.397592
0.393696
0.396077
0.399607
0.401588
0.398369
0.394111
0.393042
0.398569
0.396921
0.397603
0.393324
0.396398
0.393471
0.397771
0.395555
0.397421
0.394932
0.392190
0.392050
0.390716
0.389265
0.399287
0.394755
0.392492
0.400670
0.388394
0.405612
0.392906
0.404140
0.396718
0.399698
0.391882
0.397959
0.388747
0.405405
0.403699
0.391940
0.404591
0.396129
0.391224
0.394392
0.399435
0.395604
0.396533
0.400601
0.418600
0.401177
0.399006
0.406153
0.410239
0.406223
0.403137
0.402633
0.392344
0.392198
0.394964
0.401806
0.386899
0.393733
0.404342
0.397254
0.398493
0.389041
0.401148
0.404832
0.397355
0.402502
0.405740
0.392781
0.405881
0.395142
0.398888
0.417874
0.393363
0.404631
0.402509
0.416955
0.413322
0.387160
0.404757
0.401884
0.400511
0.399151
0.386807
0.411981
0.395835
0.389483
0.400997
0.392861
0.397985
0.403551
0.402953
0.400581
0.398131
0.415671
0.391449
0.397136
0.406364
0.403538
0.392603
0.393387
0.392179
0.395040
0.394394
0.401995
0.406107
0.405655
0.395618
0.396649
0.398364
0.412576
0.398758
0.400900
0.407980
0.404640
0.403791
0.399982
0.397147
0.404677
0.405714
0.405961
0.409552
0.400010
0.410818
0.391315
0.400039
0.396983
0.404769
0.398687
0.396143
0.393944
0.403984
0.394806
0.398354
0.400333
0.401669
0.397491
0.398523
0.404517
0.403089
0.403078
0.404854
0.390928
0.390488
0.395805
0.394825
0.392435
0.395132
0.405512
0.389888
0.400259
0.394549
0.401546
0.392320
0.409957
0.395481
0.393547
0.393631
0.393202
0.398026
0.398479
0.395964
0.385292
0.394559
0.403756
0.399315
0.394840
0.390848
0.407850
0.414470
0.393108
0.392815
0.397648
0.413733
0.396162
0.400534
0.391988
0.399180
0.389835
0.386393
0.393060
0.392362
0.404018
0.412798
0.391926
0.393631
0.390923
0.398460
0.394667
0.394546
0.401101
0.397098
0.395145
0.393293
0.404454
0.399333
0.399119
0.397743
0.401371
0.394680
0.392721
0.391983
0.402553
0.403802
0.409960
0.396029
0.392390
0.400337
0.398403
0.403847
0.397093
0.393414
0.393482
0.400153
0.412955
0.404578
0.393993
0.394806
0.399845
0.397559
0.398228
0.398907
0.396803
0.394792
0.395881
0.399093
0.403749
0.386795
0.396588
0.391953
0.398903
0.397903
0.395344
0.403051
0.399928
0.392479
0.401146
0.390828
0.407264
0.392123
0.400266
0.408223
0.393576
0.395939
0.392364
0.401702
0.399838
0.398486
0.408126
0.401184
0.394696
0.404176
0.401965
0.403495
0.406244
0.384536
0.391626
0.389826
0.396309
0.396464
0.406683
0.394086
0.391061
0.399702
0.399367
0.390599
0.402872
0.387037
0.386137
0.396787
0.401647
0.399368
0.397627
0.399634
0.395349
0.392368
0.398319
0.391334
0.415850
0.393542
0.405197
0.396123
0.400888
0.393108
0.397637
0.401840
0.407975
0.396521
0.401967
0.402673
0.395672
0.400589
0.395594
0.385398
0.392085
0.396015
0.400544
0.395336
0.397869
0.396856
0.415669
0.395083
0.399139
0.395032
0.407875
0.392756
0.404546
0.393869
0.396993
0.401249
0.406324
0.398857
0.389510
0.393512
0.394395
0.397046
0.409243
0.388057
0.405544
0.404588
0.399156
0.418267
0.403685
0.394486
0.403449
0.397013
0.388806
0.397153
0.394690
0.404429
0.402697
0.408926
0.413608
0.387701
0.384399
0.394907
0.394396
0.395890
0.406380
0.401556
0.402168
0.391894
0.397716
0.409317
0.393573
0.395988
0.388819
0.398797
0.402650
0.395025
0.390764
0.394511
0.399411
0.397172
0.393113
0.390491
0.399119
0.405421
0.394387
0.393545
0.395206
0.403391
0.400742
0.389413
0.392785
0.402873
0.409794
0.397713
0.391823
0.394175
0.417533
0.393561
0.406907
0.397155
0.400613
0.404485
0.386379
0.402331
0.417927
0.398631
0.401742
0.404450
0.408235
0.398224
0.395806
0.400054
0.396006
0.398832
0.402651
0.396520
0.391977
0.395390
0.411100
0.407204
0.388748
0.396346
0.405179
0.392283
0.396131
0.402937
0.406980
0.398178
0.403334
0.393076
0.408045
0.397499
0.396300
0.398147
0.398806
0.386383
0.400422
0.398366
0.409250
0.394228
0.391681
0.395296
0.401009
0.392208
0.390232
0.393848
0.402126
0.418853
0.389472
0.396878
0.393671
0.394096
0.402828
0.400697
0.404848
0.387344
0.400557
0.386305
0.404785
0.389430
0.401392
0.399120
0.394923
0.392120
0.393582
0.400709
0.391846
0.400354
0.403426
0.393380
0.402344
0.394275
0.401659
0.394411
0.397994
0.401015
0.399618
0.400948
0.399634
0.410222
0.392313
0.389024
0.394576
0.394905
0.397432
0.391941
0.402148
0.402643
0.389066
0.394547
0.394991
0.397691
0.401345
0.418608
0.399185
0.410299
0.396546
0.393118
0.392858
0.399005
0.400588
0.397175
0.395479
0.399204
0.406775
0.408442
0.406617
0.395528
0.394499
0.401219
0.391833
0.401156
0.395337
0.404091
0.417054
0.396495
0.397808
0.396891
0.387646
0.408905
0.401494
0.388981
0.410149
0.388593
0.407694
0.402194
0.402305
0.393469
0.405215
0.391470
0.402043
0.397356
0.393800
0.399231
0.398736
0.400621
0.408143
0.399444
0.408723
0.394331
0.394134
0.403580
0.387183
0.399387
0.402510
0.409396
0.404560
0.393552
0.398037
0.409531
0.392642
0.401031
0.397606
0.394838
0.391446
0.399190
0.413193
0.395494
0.391598
0.398427
0.397976
0.402054
0.391370
0.396475
0.386576
0.416969
0.395327
0.393240
0.398929
0.411560
0.405305
0.407070
0.396765
0.409722
0.396302
0.398565
0.393097
0.390257
0.395355
0.392913
0.400057
0.393583
0.394497
0.395482
0.391595
0.419557
0.402662
0.402756
0.392317
0.399275
0.397724
0.409709
0.400273
0.396679
0.398976
0.402608
0.404994
0.402044
0.390271
0.404967
0.401981
0.405174
0.391807
0.407488
0.395653
0.401492
0.403434
0.398086
0.390882
0.402078
0.390413
0.402637
0.389970
0.403043
0.394010
0.400860
0.392080
0.406634
0.396352
0.391622
0.393133
0.424677
0.393293
0.400023
0.394021
0.411543
0.393456
0.392007
0.390055
0.385242
0.390136
0.395251
0.389743
0.410269
0.408720
0.396941
0.399619
0.402538
0.395171
0.393509
0.393196
0.394066
0.392680
0.391468
0.392044
0.388317
0.385635
0.400484
0.394451
0.403987
0.394284
0.401844
0.397275
0.401106
0.395458
0.392051
0.396722
0.408567
0.411382
0.394956
0.395965
0.403522
0.405715
0.393757
0.404360
0.394688
0.402195
0.402533
0.397454
0.390894
0.393388
0.389964
0.391551
0.400868
0.398689
0.397383
0.398925
0.395010
0.394824
0.397483
0.400875
0.403131
0.410196
0.388595
0.391156
0.396089
0.387257
0.407405
0.399472
0.403388
0.392658
0.396191
0.392956
0.402847
0.400835
0.397020
0.404101
0.392101
0.397409
0.400936
0.402123
0.399625
0.389716
0.406226
0.402674
0.391396
0.402440
0.397747
0.391646
0.404786
0.396121
0.394445
0.404199
0.400496
0.400900
0.392359
0.386294
0.408545
0.394264
0.403818
0.395705
0.392257
0.393465
0.402233
0.391897
0.399903
0.399120
0.401082
0.386179
0.395756
0.392912
0.405429
0.393755
0.400563
0.390856
0.390178
0.398934
0.405254
0.411501
0.392688
0.396874
0.400161
0.394158
0.397126
0.401147
0.400663
0.393513
0.396344
0.394428
0.393671
0.399894
0.400387
0.392644
0.400642
0.413862
0.390959
0.389375
0.401154
0.395300
0.388919
0.389165
0.400648
0.400586
0.395097
0.404998
0.395141
0.400487
0.390630
0.395072
0.390459
0.390566
0.402381
0.401658
0.408080
0.393770
0.399371
0.394380
0.394902
0.409748
0.400827
0.409597
0.393468
0.395869
0.393143
0.395979
0.409596
0.405292
0.397038
0.394600
0.393265
0.416732
0.395032
0.421816
0.399429
0.398647
0.400630
0.413245
0.413429
0.389366
0.396486
0.393871
0.392232
0.396645
0.398337
0.395375
0.393685
0.391499
0.400067
0.393226
0.396445
0.389126
0.399822
0.401332
0.398109
0.394228
0.401098
0.396707
0.397520
0.392882
0.396094
0.400561
0.395008
0.392415
0.391077
0.392101
0.394138
0.403290
0.401905
0.395182
0.401117
0.392486
0.393644
0.395959
0.395556
0.396962
0.389139
0.398917
0.394989
0.394281
0.399299
0.408976
0.387987
0.403639
0.400172
0.389451
0.390982
0.391488
0.394892
0.397924
0.401140
0.399540
0.415680
0.401926
0.393763
0.403980
0.388028
0.396835
0.393769
0.393972
0.397369
0.405345
0.393885
0.407731
0.397577
0.396633
0.396625
0.407356
0.399372
0.396916
0.402587
0.406851
0.400896
0.391254
0.391981
0.396525
0.398346
0.396761
0.406916
0.397695
0.400114
0.398848
0.404438
0.390535
0.398729
0.399616
0.393487
0.404582
0.402506
0.399236
0.388259
0.400060
0.393463
0.409737
0.404603
0.396192
0.400683
0.388771
0.407317
0.394295
0.395596
0.385270
0.402682
0.389339
0.402607
0.401863
0.388763
0.398867
0.390797
0.398851
0.399286
0.401665
0.395586
0.392661
0.391127
0.396897
0.391642
0.391015
0.386370
0.404766
0.396219
0.392171
0.395851
0.399396
0.404048
0.398351
0.393501
0.395374
0.395521
0.391243
0.401451
0.403675
0.404535
0.411923
0.396605
0.386989
0.394421
0.406540
0.410175
0.405153
0.394243
0.400180
0.400028
0.386716
0.415384
0.401591
0.411275
0.400747
0.392945
0.396941
0.384525
0.398821
0.413898
0.396475
0.403308
0.414723
0.411282
0.396028
0.396881
0.398510
0.408029
0.400682
0.396928
0.402032
0.395115
0.403830
0.398749
0.400646
0.390173
0.398433
0.402511
0.397215
0.392800
0.393842
0.408216
0.390557
0.393206
0.403383
0.412256
0.386623
0.400349
0.395099
0.411008
0.393979
0.393365
0.406610
0.405945
0.393593
0.399949
0.393003
0.403306
0.395451
0.401941
0.394195
0.397829
0.399492
0.387806
0.394768
0.388673
0.415793
0.393544
0.417261
0.394573
0.393691
0.393521
0.399153
0.391143
0.396814
0.408954
0.401724
0.389619
0.395166
0.403464
0.394132
0.385340
0.405805
0.405372
0.393073
0.399997
0.395856
0.396370
0.387139
0.392508
0.396250
0.397243
0.406392
0.409020
0.401512
0.394603
0.400505
0.389104
0.396839
0.389921
0.406948
0.393447
0.397324
0.397236
0.403118
0.389264
0.404126
0.392170
0.393988
0.406176
0.395309
0.410465
0.392543
0.401708
0.395623
0.393812
0.400949
0.394781
0.395335
0.393698
0.403898
0.391256
0.398574
0.392888
0.400276
0.395832
0.401730
0.393563
0.387225
0.393743
0.401905
0.400675
0.399683
0.395325
0.407001
0.392453
0.393793
0.404014
0.396250
0.391391
0.390780
0.404846
0.400427
0.398915
0.407565
0.403223
0.394189
0.400659
0.396694
0.387725
0.392216
0.404287
0.397100
0.412945
0.398202
0.394776
0.404668
0.403531
0.395435
0.392834
0.398290
0.399919
0.395811
0.394543
0.396351
0.398176
0.399074
0.392384
0.398896
0.394295
0.391545
0.390292
0.399916
0.394029
0.395532
0.396763
0.391148
0.400664
0.391225
0.405415
0.393780
0.408113
0.403372
0.392168
0.398312
0.400745
0.396187
0.388947
0.392751
0.398634
0.402769
0.404012
0.394808
0.396299
0.390201
0.387999
0.402559
0.394534
0.393333
0.393908
0.399372
0.394158
0.398799
0.392189
0.394139
0.393238
0.392432
0.399813
0.404281
0.394014
0.392628
0.394104
0.404996
0.403662
0.394158
0.394752
0.394052
0.404055
0.387666
0.397372
0.392732
0.401834
0.402474
0.404503
0.401079
0.398665
0.394659
0.394515
0.391073
0.403716
0.398647
0.394419
0.409663
0.384336
0.392913
0.402595
0.400527
0.395675
0.397626
0.398128
0.391152
0.395130
0.409142
0.401180
0.400387
0.402576
0.390250
0.395893
0.405774
0.403444
0.395153
0.405801
0.402294
0.392004
0.411951
0.399065
0.404876
0.394618
0.396219
0.400404
0.397390
0.395023
0.396845
0.388409
0.408415
0.399471
0.400379
0.401760
0.398065
0.388373
0.396580
0.411839
0.402549
0.398037
0.392994
0.399689
0.401312
0.392192
0.404305
0.398198
0.394281
0.395189
0.395624
0.399444
0.393745
0.393875
0.391345
0.403289
0.407328
0.400563
0.398926
0.396328
0.404979
0.403546
0.393029
0.395320
0.397976
0.394686
0.391528
0.394604
0.393373
0.402553
0.398857
0.400479
0.400751
0.394001
0.418320
0.396934
0.394031
0.395815
0.397249
0.396613
0.395024
0.394398
0.394859
0.406091
0.393173
0.384553
0.400566
0.393352
0.395021
0.393690
0.390428
0.399330
0.395036
0.391830
0.403921
0.403489
0.404955
0.414746
0.392410
0.407885
0.398156
0.396043
0.384733
0.386140
0.406011
0.409637
0.401700
0.389308
0.393706
0.388702
0.389565
0.394116
0.393743
0.392632
0.389292
0.387412
0.391554
0.392156
0.390788
0.395083
0.402382
0.400714
0.402258
0.401293
0.398644
0.386881
0.395481
0.391612
0.393510
0.393106
