9 12 13 26 29 32 36 46 60 64 67 81 82 85 100 104 111 116 118 122 125 131 133 137 170 196 202 214 215 219 229 
8 12 22 27 45 54 57 64 66 74 85 87 90 93 96 102 103 105 118 121 131 140 144 146 170 174 186 190 192 195 205 
4 5 25 27 29 44 51 54 57 58 64 75 81 85 88 89 119 128 136 140 141 151 171 174 187 188 201 202 205 213 225 
10 12 39 45 57 63 90 92 95 102 103 104 106 107 108 110 122 133 139 141 147 152 156 162 173 179 187 200 203 217 218 
9 10 12 14 26 27 28 33 38 45 48 57 59 78 82 85 86 89 91 103 104 122 127 130 143 146 151 153 202 212 223 
8 9 12 20 27 32 46 55 57 81 94 110 112 118 124 127 140 141 146 155 162 184 185 197 201 204 220 221 223 225 229 
11 13 23 46 57 74 75 79 82 94 95 99 107 113 115 119 120 130 131 136 138 144 152 196 200 208 210 217 218 226 229 
10 14 26 43 48 65 86 95 99 101 111 112 116 139 140 141 147 159 163 182 185 187 188 197 199 209 214 220 221 225 226 
10 13 18 19 25 27 38 46 57 68 74 75 93 96 107 108 110 112 116 130 153 157 185 189 192 198 210 216 219 225 228 
10 13 16 17 19 20 25 32 33 44 57 72 95 101 108 111 116 119 122 129 131 139 140 147 151 154 157 184 192 221 229 
9 17 27 31 34 35 36 38 44 51 53 57 75 100 104 108 110 111 115 116 119 129 143 165 168 180 182 191 201 213 225 
10 11 26 36 46 49 54 55 64 83 84 87 91 103 112 120 127 131 136 142 149 150 152 162 197 205 206 219 220 225 227 
12 13 16 19 22 23 36 46 49 57 58 60 62 77 88 91 103 105 107 110 124 134 137 138 140 141 160 161 188 218 229 
10 11 14 25 43 57 64 66 75 77 80 99 103 104 117 130 133 137 144 172 173 188 189 191 192 193 201 205 211 212 219 
9 14 26 31 33 46 57 62 65 89 92 93 96 115 117 133 137 139 142 147 156 161 168 173 200 206 209 210 215 221 223 
5 6 9 10 11 19 30 41 42 44 46 64 79 88 103 108 118 142 146 148 149 153 155 166 191 198 203 207 218 219 221 
9 11 12 20 23 27 37 39 44 57 91 96 97 103 121 125 127 132 133 134 141 149 195 198 203 211 212 214 217 220 227 
12 13 19 20 22 25 43 57 61 62 82 83 85 90 116 123 125 137 141 142 143 156 162 166 194 197 201 202 212 218 222 
12 13 18 30 38 46 52 59 60 67 71 73 77 102 105 107 119 130 139 140 141 184 192 195 206 209 214 218 221 225 226 
5 10 28 31 46 54 57 62 66 68 85 86 106 112 113 120 125 128 130 143 146 156 184 191 198 200 207 210 211 224 226 
11 17 26 30 34 46 50 65 69 78 81 86 89 91 101 105 110 113 128 131 133 140 145 151 165 167 180 213 222 223 224 
10 11 17 32 37 44 51 57 62 63 74 77 90 95 96 101 108 117 119 122 127 139 142 143 157 165 192 194 195 210 214 
10 23 24 25 27 40 44 57 64 67 94 97 101 106 107 126 130 139 142 145 146 147 153 180 187 200 203 206 209 215 224 
11 17 26 30 46 55 60 64 78 91 93 100 115 120 130 134 136 141 142 147 148 150 160 185 189 202 207 215 224 225 229 
10 16 17 26 28 31 46 49 57 61 84 88 90 94 107 110 111 119 125 128 142 152 159 167 184 200 217 219 220 221 226 
9 12 13 23 26 40 46 61 67 74 78 81 89 92 94 97 99 100 116 118 125 132 139 142 187 195 207 210 219 221 227 
9 11 12 19 32 44 46 54 55 57 59 69 84 88 92 97 109 118 119 120 122 130 154 167 186 187 192 199 200 208 210 
6 8 11 19 26 27 46 75 79 94 96 99 100 108 112 123 132 134 147 154 159 168 171 180 181 193 201 203 218 219 222 
11 12 18 26 46 49 56 58 59 60 62 66 68 76 101 114 117 118 120 122 123 138 139 165 185 191 197 200 219 225 226 
11 12 28 33 38 46 57 61 66 85 92 94 95 97 103 105 111 126 127 137 140 142 147 152 161 172 174 187 189 205 223 
8 10 11 26 40 42 46 57 67 91 95 98 103 108 109 126 131 134 137 148 150 156 197 198 202 209 216 217 218 222 224 
10 19 20 21 22 29 35 57 65 69 71 78 82 100 109 118 119 132 135 142 158 161 165 177 184 194 201 210 217 221 228 
9 12 14 16 36 44 57 67 75 79 95 98 100 104 114 115 118 134 136 142 143 145 152 156 157 172 200 209 215 226 227 
10 16 21 26 33 37 45 52 57 61 73 86 87 89 109 114 128 130 138 145 184 185 187 191 199 200 204 206 213 218 226 
9 10 11 23 25 26 27 46 49 57 67 78 95 104 123 126 127 131 134 137 144 147 188 190 195 200 204 209 220 223 224 
10 12 13 19 27 44 72 73 76 83 92 96 99 101 108 112 117 130 132 145 160 182 202 204 206 208 209 210 213 218 227 
11 12 13 27 33 46 51 57 75 76 85 89 91 92 101 103 107 115 123 124 129 137 154 167 186 192 194 202 217 218 229 
11 12 28 30 32 38 41 46 60 64 65 78 81 102 114 115 118 120 131 134 156 161 180 184 202 215 220 221 222 228 229 
10 11 25 42 46 55 60 73 75 83 94 97 99 103 122 131 145 148 150 159 172 180 181 186 193 196 206 212 218 227 229 
9 10 13 14 23 42 44 61 68 69 73 85 94 97 100 101 105 109 114 122 123 142 154 206 216 217 219 220 221 223 228 
11 12 17 23 24 26 30 34 40 46 65 75 77 78 85 86 87 99 100 102 115 116 131 134 136 137 174 205 210 215 226 
10 18 26 33 43 50 51 57 58 65 81 83 89 91 94 110 111 112 114 123 139 154 156 163 166 184 185 193 199 201 206 
8 12 18 30 31 46 50 57 61 65 103 113 114 116 118 121 122 137 142 147 171 188 190 191 192 202 206 208 211 215 223 
10 18 22 23 26 27 31 36 46 50 57 67 88 95 112 113 132 134 137 142 161 164 179 182 185 188 192 200 203 222 223 
9 13 22 26 46 57 63 75 91 107 108 110 113 114 120 128 131 135 136 138 144 159 184 197 202 206 217 218 219 226 229 
8 10 21 27 46 49 54 57 65 66 73 74 75 79 81 85 96 100 107 109 113 125 130 136 144 167 180 193 200 205 219 
10 23 24 26 30 46 57 61 64 75 96 105 110 111 123 137 142 144 145 160 167 178 179 180 183 191 195 199 219 221 222 
11 12 22 43 51 69 71 81 84 90 91 93 94 97 101 107 113 120 130 133 134 136 138 149 151 153 193 210 215 217 224 
